%x:datapoints at which to set weights
%
%mode==1:mean waveforms
%mode==2:assignment
function [weights,weightsInv] = setDistanceWeight(x,mode)

weights=[];

%sum 1
%weights=[0.00376040483222247	0.00391872719227713	0.00402013991507288	0.00402673633425588	0.00393927544758201	0.00379512195653398	0.00368482247208692	0.00365478909249634	0.00369512335303773	0.00376167086060582	0.00381331941713165	0.00383198372691427	0.00382408306380195	0.00380857836305327	0.00380269845662633	0.00381376496556887	0.00383838047359155	0.00386786745318895	0.00389443226891499	0.00391574912796249	0.00393423964179127	0.00395475591274941	0.00397883819197753	0.0040067542265076	0.00403681341036563	0.00406677794394769	0.00409434008759311	0.00411902785605723	0.00414260846818579	0.00416549369535032	0.00418736289928643	0.00420736033158508	0.00422473819832005	0.00423786885976246	0.00424595024999532	0.00424998863401915	0.00425149395357902	0.00425240204392767	0.00425323759079114	0.00425344771865179	0.00425266563515843	0.00425158254566158	0.00425015248994059	0.00425087505165089	0.00425676915311794	0.00426948970792795	0.00428856974134651	0.00431258800236893	0.00433944609095936	0.00436916941196126	0.0044033769775934	0.00444459240459113	0.00449426692956342	0.00455157896003739	0.00461371524936321	0.00467748172915825	0.00474120423541287	0.00480516745532531	0.00487104777495817	0.00494047998569186	0.00501378534802627	0.00508926458991951	0.00516378305714217	0.00523408523197194	0.00529781743232895	0.00535342339718837	0.00539942204394822	0.00543337541888994	0.0054513344116424	0.00544803387693609	0.00541780451365476	0.00535573865617427	0.00525846918856806	0.00512426990752799	0.00495273079494621	0.00474449107981981	0.00450138145773353	0.00422709485550315	0.00392836938244627	0.00361635246470037	0.00330757882492635	0.00302485685694054	0.00279519499248157	0.00264356680717646	0.00258301936889933	0.00261114495290428	0.00270863019004328	0.00285187884473382	0.0030169034547935	0.00318205129897507	0.00332935351339674	0.00344522638071219	0.00352172847132938	0.00355308878565128	0.00355414710968269	0.003534523716361	0.00347446376009314	0.00338212272102481	0.00326462430931054	0.00312950392886772	0.00298799070698563	0.00285506119893882	0.00274783797957953	0.00268219773127536	0.00267237849463496	0.00272857938898321	0.00285001368247295	0.00302307670174915	0.00323046952661814	0.0034577623176203	0.00369344661820205	0.00392804725256225	0.00415400602802727	0.00436556443354728	0.00455851239595292	0.00473014328151653	0.00487929059057818	0.00500607001690174	0.00511136638982426	0.00519642612062486	0.00526268162115117	0.00531165606340463	0.00534489735198813	0.00536402838203326	0.0053708529533047	0.00536731785644719	0.00535529894720923	0.00533639516135476	0.00531185766529498	0.0052826100176584	0.00524930964875696	0.00521246789769527	0.0051725853218413	0.00513018532775981	0.00508572856642742	0.00503953244331005	0.00499178365684639	0.00494260051469825	0.00489208829757348	0.00484039561677047	0.00478775946377161	0.00473447472288978	0.00468078816074807	0.00462682095842349	0.00457259218287635	0.00451810036724397	0.00446339988265383	0.0044086628175782	0.00435420487413946	0.00430041678942419	0.00424761570527177	0.00419593977052816	0.00414537369673208	0.00409585779057095	0.0040473924243021	0.00400010504130864	0.00395425256266379	0.00391011522867302	0.00386782548869882	0.0038272815151326	0.00378823111846887	0.00375044585931077	0.00371386318144255	0.00367864899838476	0.00364515188717487	0.00361371838174088	0.00358445633833274	0.00355714817184096	0.00353140689456998	0.00350694438245775	0.00348377145032725	0.00346225136336523	0.00344296888083017	0.0034264129486902	0.00341265181135527	0.00340129288896397	0.0033917876545296	0.0033838025894468	0.00337736488249746	0.00337272712529975	0.00337003787621789	0.00336897224358665	0.00336859535064385	0.00336767551478894	0.00336528666280663	0.00336124788460053	0.00335610848363848	0.00335074233732286	0.00334579294468646	0.0033408314221173	0.00333581105917166	0.00333006337213527	0.00332328431813494	0.00331583917756865	0.00330863109365236	0.00330271471960454	0.00329883696201958	0.00329703772501209	0.00329659320544699	0.00329649675288612	0.00329615588826495	0.00329572237474036	0.0032958825003312	0.00329740007840676	0.0033006509464626	0.00330526908183092	0.00331017336572003	0.00331416915429363	0.00331671982965083	0.00331821853964709	0.00331964179343696	0.00332199208519458	0.00332577587405446	0.0033303464434587	0.00333465203189027	0.00333723365723705	0.00333739592856547	0.00333556690941989	0.00333293063959527	0.00333087555014026	0.00333047358455754	0.00333188007467665	0.00333410341149008	0.00333573505427525	0.00333609750178508	0.003335500088039	0.00333521283408678	0.00333655878755704	0.00334046365731351	0.00334663682454961	0.00335311823791202	0.00335722543139889	0.00335764489901267	0.00335504083125097	0.00335120292049311	0.00334782144767086	0.00334584801794083	0.00334463133306225	0.00334175322181907	0.00333552352463637	0.00332830694240112	0.00332572792529758	0.00333058405367046	0.0033392445999196	0.00334233243671829	0.00333023244521073	0.0032987900911998	0.00325667411876137	0.003231081679679	0.00325679484170784	0.00334255591829604	0.00344567320263679	0.0034947245526788	0.00344473072398254	0.00331322133856145	0.00318291763005641];
